[gd_scene load_steps=5 format=3 uid="uid://0m8it4yapeb"]

[ext_resource type="PackedScene" uid="uid://d2sk0n585gaay" path="res://waterScenes/water_plane.tscn" id="1_8ffyc"]
[ext_resource type="Script" path="res://scripts/fishing_minigame.gd" id="1_qolej"]
[ext_resource type="PackedScene" uid="uid://c0bplh7eeexvd" path="res://modelScenes/fishing_rod.tscn" id="3_b1vkg"]
[ext_resource type="PackedScene" uid="uid://bdunasxchfrai" path="res://modelScenes/basic_fish.tscn" id="3_if7u0"]

[node name="FishingMinigame" type="Node3D" node_paths=PackedStringArray("water_mesh")]
transform = Transform3D(1, 0, 0, 0, 1, 0, 0, 0, 1, 2.5, 0, 0)
script = ExtResource("1_qolej")
water_mesh = NodePath("WaterPlane")

[node name="DirectionalLight3D" type="DirectionalLight3D" parent="."]
transform = Transform3D(-0.866025, -0.433013, 0.250001, 0.288224, -0.023767, 0.957268, -0.408568, 0.901074, 0.145388, -0.0186545, 2.13302, -0.318762)
light_energy = 2.293
shadow_enabled = true
shadow_bias = 1.122
directional_shadow_mode = 0

[node name="TopDownCamera" type="Camera3D" parent="."]
transform = Transform3D(9.86341e-08, 0.752162, -0.658978, 8.64145e-08, 0.658978, 0.752162, 1, -1.31134e-07, 7.10543e-15, -3.94861, 3.23586, -0.03381)
fov = 46.7901

[node name="fishing_rod" parent="." instance=ExtResource("3_b1vkg")]
transform = Transform3D(1, 0, 0, 0, 1, 0, 0, 0, 1, -3.13846, 0.581, 0)

[node name="WaterPlane" parent="." instance=ExtResource("1_8ffyc")]
transform = Transform3D(1, 0, 0, 0, 1, 0, 0, 0, 1, 0, 0, 0.051)

[node name="DirectionalLight3D2" type="DirectionalLight3D" parent="."]
transform = Transform3D(0.18437, 0.237482, -0.953735, -0.893913, -0.36286, -0.263159, -0.408568, 0.901074, 0.145388, -5.17005, -0.763942, -0.318762)
shadow_enabled = true
shadow_bias = 1.122
directional_shadow_mode = 0

[node name="basic_fish" parent="." instance=ExtResource("3_if7u0")]
transform = Transform3D(0.3, 0, 0, 0, 0.3, 0, 0, 0, 0.3, 0.175413, 0, 0.462485)
