[gd_scene load_steps=5 format=3 uid="uid://0m8it4yapeb"]

[ext_resource type="PackedScene" uid="uid://d2sk0n585gaay" path="res://waterScenes/water_plane.tscn" id="1_8ffyc"]
[ext_resource type="Script" path="res://scripts/fishing_minigame.gd" id="1_qolej"]
[ext_resource type="PackedScene" uid="uid://c0bplh7eeexvd" path="res://modelScenes/fishing_rod.tscn" id="3_b1vkg"]
[ext_resource type="PackedScene" uid="uid://bxw1u1ckjb0kl" path="res://gameLogicScenes/spawn_manager.tscn" id="4_06l8t"]

[node name="FishingMinigame" type="Node3D" node_paths=PackedStringArray("waterMesh")]
transform = Transform3D(1, 0, 0, 0, 1, 0, 0, 0, 1, 2.48856, 0, 2.50427)
script = ExtResource("1_qolej")
waterMesh = NodePath("WaterPlane/NavigationRegion3D/NavMesh")

[node name="DirectionalLight3D" type="DirectionalLight3D" parent="."]
transform = Transform3D(-0.866025, -0.433013, 0.250001, 0.288224, -0.023767, 0.957268, -0.408568, 0.901074, 0.145388, -0.0186545, 2.13302, -0.318762)
light_energy = 2.293
shadow_enabled = true
shadow_bias = 1.122
directional_shadow_mode = 0

[node name="TopDownCamera" type="Camera3D" parent="."]
transform = Transform3D(4.15126e-08, 0.649899, -0.76002, 9.96646e-08, 0.76002, 0.649899, 1, -1.02726e-07, -3.32215e-08, -5.72712, 4.02466, -0.0338099)
fov = 41.19

[node name="fishing_rod" parent="." instance=ExtResource("3_b1vkg")]
transform = Transform3D(1, 0, 0, 0, 1, 0, 0, 0, 1, -3.81738, 0.581, 0)

[node name="WaterPlane" parent="." instance=ExtResource("1_8ffyc")]
transform = Transform3D(1, 0, 0, 0, 1, 0, 0, 0, 1, 0, 0, 0)

[node name="NavigationRegion3D" parent="WaterPlane" index="0"]
transform = Transform3D(1, 0, 0, 0, 1, 0, 0, 0, 1, 0, -1.00843, 0)

[node name="CollisionShape3D" parent="WaterPlane/ZoneToSwimTo" index="0"]
transform = Transform3D(1, 1.74533e-05, 0, -1.74533e-05, 1, 0, 0, 0, 1, -2.6226e-06, -0.0714341, 0)

[node name="DirectionalLight3D2" type="DirectionalLight3D" parent="."]
transform = Transform3D(0.18437, 0.237482, -0.953735, -0.893913, -0.36286, -0.263159, -0.408568, 0.901074, 0.145388, -5.17005, -0.763942, -0.318762)
shadow_enabled = true
shadow_bias = 1.122
directional_shadow_mode = 0

[node name="spawn_manager" parent="." instance=ExtResource("4_06l8t")]

[node name="spawnReferencePoint" parent="spawn_manager" index="1"]
transform = Transform3D(1, 0, 0, 0, 1, 0, 0, 0, 1, 0, -1.36332, 0)

[editable path="WaterPlane"]
[editable path="spawn_manager"]
